15 30 343
0 352 176 8 16 2 4 2
0 768 176 8 16 2 10 2
0 240 744 8 16 2 3 9
0 96 1008 8 16 2 1 13
0 768 896 8 16 2 10 11
0 1432 192 8 16 2 19 2
0 1776 528 8 16 2 23 6
1 576 304 80 80 0 8 3
1 912 384 80 80 0 12 4
1 1328 464 80 80 0 18 5
1 1136 304 80 80 0 15 3
1 1696 448 80 80 0 23 5
1 1808 608 80 80 0 24 7
1 1184 896 80 80 0 16 11
1 944 544 80 80 1 13 6
1 1616 688 80 80 1 22 8
2 2160 384 64 64 1 29 4
2 1568 224 64 64 0 21 2
3 16 488 56 56 0 0 6
3 168 640 56 56 0 2 8
3 736 280 56 56 0 10 3
3 968 920 56 56 1 13 11
3 1344 96 56 56 1 18 0
3 1352 824 56 56 1 18 10
3 1168 984 56 56 1 15 12
3 1944 952 56 56 1 26 12
3 2080 88 56 56 1 28 0
3 2112 600 56 56 1 28 7
7 36 104 12 12 2 0 1
7 12 116 12 12 2 0 1
7 36 128 12 12 2 0 1
7 60 116 12 12 2 0 1
7 372 104 12 12 2 5 1
7 396 116 12 12 2 5 1
7 372 128 12 12 2 5 1
7 348 116 12 12 2 4 1
7 180 416 12 12 2 2 5
7 156 428 12 12 2 2 5
7 180 440 12 12 2 2 5
7 204 428 12 12 2 2 5
7 72 692 12 12 2 1 9
7 12 692 12 12 2 0 9
7 42 710 12 12 2 0 9
7 48 920 12 12 2 0 12
7 12 920 12 12 2 0 12
7 30 938 12 12 2 0 12
7 30 902 12 12 2 0 11
7 204 962 12 12 2 2 12
7 186 980 12 12 2 2 12
7 168 962 12 12 2 2 12
7 186 944 12 12 2 2 12
7 306 548 12 12 2 4 7
7 354 602 12 12 2 4 7
7 456 614 12 12 2 6 8
7 504 278 12 12 2 6 3
7 426 1028 12 12 2 5 13
7 474 1106 12 12 2 6 14
7 522 1106 12 12 2 7 14
7 444 1076 12 12 2 5 14
7 618 1070 12 12 2 8 14
7 618 980 12 12 2 8 12
7 672 1010 12 12 2 9 13
7 576 932 12 12 2 7 12
7 792 968 12 12 2 10 12
7 864 968 12 12 2 11 12
7 828 986 12 12 2 11 12
7 912 998 12 12 2 12 12
7 942 1016 12 12 2 12 13
7 978 980 12 12 2 13 12
7 762 662 12 12 2 10 8
7 798 692 12 12 2 10 9
7 1002 770 12 12 2 13 10
7 1032 758 12 12 2 13 9
7 972 758 12 12 2 13 0
7 732 308 12 12 2 9 3
7 768 326 12 12 2 10 4
7 798 308 12 12 2 10 3
7 876 278 12 12 2 11 3
7 1068 344 12 12 2 14 4
7 1050 404 12 12 2 14 4
7 1068 422 12 12 2 14 4
7 1086 404 12 12 2 14 4
7 840 470 12 12 2 11 6
7 810 482 12 12 2 10 6
7 774 470 12 12 2 10 6
7 1368 842 12 12 2 18 11
7 1398 824 12 12 2 18 10
7 1338 824 12 12 2 17 10
7 1464 1004 12 12 2 19 13
7 1494 986 12 12 2 19 12
7 1434 986 12 12 2 19 12
7 1662 1094 12 12 2 22 14
7 1722 1094 12 12 2 22 14
7 1740 1034 12 12 2 23 13
7 1740 986 12 12 2 23 12
7 1740 884 12 12 2 23 11
7 1740 788 12 12 2 23 10
7 1746 644 12 12 2 23 8
7 1710 644 12 12 2 22 8
7 1728 662 12 12 2 23 8
7 1578 566 12 12 2 21 7
7 1596 452 12 12 2 21 5
7 1614 470 12 12 2 21 6
7 1578 470 12 12 2 21 6
7 1596 488 12 12 2 21 6
7 1596 68 12 12 2 21 0
7 1614 86 12 12 2 21 1
7 1578 86 12 12 2 21 1
7 1596 104 12 12 2 21 1
7 1788 104 12 12 2 23 1
7 1944 356 12 12 2 25 4
7 1944 308 12 12 2 25 3
7 2124 968 12 12 2 28 12
7 2202 632 12 12 2 29 8
7 2232 614 12 12 2 29 8
7 2172 614 12 12 2 28 8
7 2229 372 12 12 2 29 4
7 2247 356 12 12 2 29 4
7 2229 340 12 12 2 29 4
7 2211 356 12 12 2 29 4
7 2232 86 12 12 2 29 1
7 2214 104 12 12 2 29 1
7 2196 86 12 12 2 29 1
7 1326 248 12 12 2 17 3
7 1164 500 12 12 2 15 6
7 1368 644 12 12 2 18 8
7 1302 692 12 12 2 17 9
8 792 840 16 16 2 10 10
8 1592 328 16 16 2 21 4
9 872 872 16 16 2 11 11
9 1336 920 16 16 2 17 12
9 1592 864 16 16 2 21 11
9 1640 920 16 16 2 21 12
9 1688 1128 16 16 2 22 14
9 1736 1064 16 16 2 23 13
9 2096 744 16 16 2 27 9
9 2116 724 16 16 2 28 9
9 2116 764 16 16 2 28 9
9 2136 744 16 16 2 28 9
10 0 832 48 56 2 0 10
10 256 328 48 56 2 3 3
10 1136 880 48 56 2 15 11
10 1144 408 48 56 2 15 5
10 1552 1112 48 56 2 20 14
11 464 352 24 32 2 6 4
11 720 800 24 32 2 9 10
11 1896 800 24 32 2 25 10
11 1656 800 24 32 2 22 10
12 352 352 36 24 2 4 4
12 352 448 36 24 2 4 5
12 312 400 36 24 2 4 5
12 288 496 36 24 2 4 6
12 560 880 36 24 2 7 11
12 608 1008 36 24 2 8 13
12 544 1040 36 24 2 7 13
12 608 928 36 24 2 8 12
12 656 960 36 24 2 8 12
12 664 288 36 24 2 9 3
12 1352 600 36 24 2 18 7
12 1288 640 36 24 2 17 8
12 1296 488 36 24 2 17 6
12 1312 192 36 24 2 17 2
12 1248 160 36 24 2 16 1
12 1288 112 36 24 2 17 1
12 1440 816 36 24 2 19 10
12 1584 816 36 24 2 21 10
12 1632 864 36 24 2 21 11
12 1584 912 36 24 2 21 11
12 1632 960 36 24 2 21 12
12 1648 1040 36 24 2 22 13
12 1584 1008 36 24 2 21 13
12 1824 832 36 24 2 24 10
12 1968 768 36 24 2 26 9
12 1952 640 36 24 2 26 8
12 1984 592 36 24 2 26 7
12 2048 416 36 24 2 27 5
12 1984 368 36 24 2 26 4
12 2048 320 36 24 2 27 4
12 2112 272 36 24 2 28 3
12 2112 192 36 24 2 28 2
12 2064 240 36 24 2 27 3
12 2048 160 36 24 2 27 1
12 1984 112 36 24 2 26 1
12 1664 208 36 24 2 22 2
12 1632 256 36 24 2 21 3
12 1224 272 36 24 2 16 3
13 576 640 32 64 2 7 8
13 688 640 32 64 2 9 8
13 688 528 32 64 2 9 6
13 576 528 32 64 2 7 6
13 976 128 32 64 2 13 1
13 1040 128 32 64 2 14 1
13 1104 128 32 64 2 14 1
14 1712 208 50 36 2 23 2
14 1712 240 50 36 2 23 2
14 1712 272 50 36 2 23 3
14 1712 304 50 36 2 23 3
14 1712 336 50 36 2 23 4
14 720 112 50 36 2 9 1
14 720 80 50 36 2 9 0
14 768 112 50 36 2 10 1
14 768 80 50 36 2 10 0
14 112 496 50 36 2 1 6
14 1016 472 50 36 2 13 5
14 1056 472 50 36 2 14 5
14 1336 576 50 36 2 18 7
14 1336 536 50 36 2 18 6
14 1512 888 50 36 2 20 11
14 1976 840 50 36 2 26 10
15 2192 1072 80 208 2 29 12
16 0 40 2272 24 15 0 0
16 128 384 128 8 2 0 0
16 0 432 144 8 2 0 0
16 240 272 120 16 2 0 0
16 336 240 144 16 2 0 0
16 448 224 488 8 2 0 0
16 424 320 192 8 2 0 0
16 448 432 336 8 2 0 0
16 128 584 144 8 2 0 0
16 0 640 104 8 2 0 0
16 0 848 104 8 2 0 0
16 128 904 144 8 2 0 0
16 144 784 120 8 2 0 0
16 256 864 136 16 2 0 0
16 360 912 112 16 2 0 0
16 440 848 120 8 2 0 0
16 592 824 56 8 2 0 0
16 704 768 88 8 2 0 0
16 768 920 144 8 2 0 0
16 312 768 136 16 2 0 0
16 424 680 216 8 2 0 0
16 616 720 112 16 2 0 0
16 768 800 144 8 2 0 0
16 848 824 104 8 2 0 0
16 928 864 192 16 2 0 0
16 544 552 368 8 2 0 0
16 760 400 128 8 2 0 0
16 864 432 96 8 2 0 0
16 944 464 64 8 2 0 0
16 904 304 216 16 2 0 0
16 1048 368 72 16 2 0 0
16 872 624 104 16 2 0 0
16 944 688 168 16 2 0 0
16 1096 928 168 8 2 0 0
16 1120 816 144 8 2 0 0
16 1304 880 112 16 2 0 0
16 1384 928 176 16 2 0 0
16 1232 768 496 8 2 0 0
16 1064 656 168 8 2 0 0
16 1392 528 96 16 2 0 0
16 1112 448 168 8 2 0 0
16 1240 384 160 16 2 0 0
16 1320 320 104 16 2 0 0
16 1424 272 64 16 2 0 0
16 1408 208 80 16 2 0 0
16 1112 224 120 8 2 0 0
16 1568 160 256 16 2 0 0
16 1632 368 192 16 2 0 0
16 1616 608 184 16 2 0 0
16 1768 528 184 8 2 0 0
16 1504 848 48 8 2 0 0
16 1696 1024 48 8 2 0 0
16 1784 112 184 8 2 0 0
16 1832 288 104 8 2 0 0
16 1792 768 160 8 2 0 0
16 1872 896 264 16 2 0 0
16 2080 928 192 8 2 0 0
16 2032 688 240 16 2 0 0
16 2088 544 184 8 2 0 0
16 2144 432 128 16 2 0 0
16 2176 320 96 16 2 0 0
16 1568 528 64 16 2 0 0
16 1568 416 112 16 2 0 0
17 856 816 48 16 2 0 0
17 128 424 16 40 2 0 0
17 368 896 16 32 2 0 0
17 1088 672 16 16 2 0 0
17 336 256 16 16 2 0 0
17 240 576 16 192 2 0 0
17 240 376 16 104 2 0 0
17 240 896 16 112 2 0 0
17 448 840 16 160 2 0 0
17 448 896 16 48 2 0 0
17 432 672 16 248 2 0 0
17 480 312 16 88 2 0 0
17 768 1104 16 184 2 0 0
17 624 704 16 24 2 0 0
17 704 760 16 40 2 0 0
17 768 792 16 24 2 0 0
17 896 608 16 56 2 0 0
17 864 424 16 24 2 0 0
17 768 424 16 24 2 0 0
17 912 288 16 64 2 0 0
17 928 848 16 24 2 0 0
17 1120 920 16 104 2 0 0
17 960 672 16 48 2 0 0
17 944 456 16 24 2 0 0
17 1120 648 16 424 2 0 0
17 1248 440 16 56 2 0 0
17 1328 368 16 48 2 0 0
17 1248 808 16 40 2 0 0
17 1392 912 16 32 2 0 0
17 1520 840 16 72 2 0 0
17 1536 1136 16 208 2 0 0
17 1712 1016 16 248 2 0 0
17 1776 1136 16 528 2 0 0
17 1776 592 16 64 2 0 0
17 1488 736 80 736 2 0 0
17 1920 520 16 232 2 0 0
17 1648 400 16 32 2 0 0
18 80 632 16 168 2 0 0
18 80 424 16 184 2 0 0
18 128 376 16 216 2 0 0
18 272 848 16 304 2 0 0
18 1792 352 16 136 2 0 0
18 1040 672 16 168 2 0 0
18 2064 880 16 136 2 0 0
18 2048 672 16 232 2 0 0
18 1920 760 16 184 2 0 0
18 80 840 16 160 2 0 0
18 304 256 16 120 2 0 0
18 464 672 16 208 2 0 0
18 1648 592 16 144 2 0 0
20 176 368 40 344 2 2 2
21 496 184 32 160 2 6 1
22 816 768 32 744 2 11 5
23 1168 216 32 192 2 15 1
19 0 240 512 256 2 0 0
19 0 496 512 256 2 0 0
19 0 752 512 256 2 0 0
19 0 1008 512 256 2 0 0
19 512 240 512 256 2 0 0
19 512 496 512 256 2 0 0
19 512 752 512 256 2 0 0
19 512 1008 512 256 2 0 0
19 1024 240 512 256 2 0 0
19 1024 496 512 256 2 0 0
19 1024 752 512 256 2 0 0
19 1024 1008 512 256 2 0 0
19 1536 240 512 256 2 0 0
19 1536 496 512 256 2 0 0
19 1536 752 512 256 2 0 0
19 1536 1008 512 256 2 0 0