243
1 352 176 8 16 2
1 768 176 8 16 2
1 240 744 8 16 2
1 96 1008 8 16 2
1 768 896 8 16 2
1 1432 192 8 16 2
1 1776 528 8 16 2
2 576 304 80 80 0
2 912 384 80 80 0
2 1328 464 80 80 0
2 1136 304 80 80 0
2 1696 448 80 80 0
2 1808 608 80 80 0
2 1184 896 80 80 0
2 944 544 80 80 1
2 1616 688 80 80 1
3 2160 384 64 64 1
3 1568 224 64 64 0
4 16 488 56 56 0
4 168 640 56 56 0
4 736 280 56 56 0
4 968 920 56 56 1
4 1344 96 56 56 1
4 1352 824 56 56 1
4 1168 984 56 56 1
4 1944 952 56 56 1
4 2080 88 56 56 1
4 2112 600 56 56 1
8 36 104 12 12 2
8 12 116 12 12 2
8 36 128 12 12 2
8 60 116 12 12 2
8 372 104 12 12 2
8 396 116 12 12 2
8 372 128 12 12 2
8 348 116 12 12 2
8 180 416 12 12 2
8 156 428 12 12 2
8 180 440 12 12 2
8 204 428 12 12 2
8 72 692 12 12 2
8 12 692 12 12 2
8 42 710 12 12 2
8 48 920 12 12 2
8 12 920 12 12 2
8 30 938 12 12 2
8 30 902 12 12 2
8 204 962 12 12 2
8 186 980 12 12 2
8 168 962 12 12 2
8 186 944 12 12 2
8 306 548 12 12 2
8 354 602 12 12 2
8 456 614 12 12 2
8 504 278 12 12 2
8 426 1028 12 12 2
8 474 1106 12 12 2
8 522 1106 12 12 2
8 444 1076 12 12 2
8 618 1070 12 12 2
8 618 980 12 12 2
8 672 1010 12 12 2
8 576 932 12 12 2
8 792 968 12 12 2
8 864 968 12 12 2
8 828 986 12 12 2
8 912 998 12 12 2
8 942 1016 12 12 2
8 978 980 12 12 2
8 762 662 12 12 2
8 798 692 12 12 2
8 1002 770 12 12 2
8 1032 758 12 12 2
8 972 758 12 12 2
8 732 308 12 12 2
8 768 326 12 12 2
8 798 308 12 12 2
8 876 278 12 12 2
8 1068 344 12 12 2
8 1050 404 12 12 2
8 1068 422 12 12 2
8 1086 404 12 12 2
8 840 470 12 12 2
8 810 482 12 12 2
8 774 470 12 12 2
8 1368 842 12 12 2
8 1398 824 12 12 2
8 1338 824 12 12 2
8 1464 1004 12 12 2
8 1494 986 12 12 2
8 1434 986 12 12 2
8 1662 1094 12 12 2
8 1722 1094 12 12 2
8 1740 1034 12 12 2
8 1740 986 12 12 2
8 1740 884 12 12 2
8 1740 788 12 12 2
8 1746 644 12 12 2
8 1710 644 12 12 2
8 1728 662 12 12 2
8 1578 566 12 12 2
8 1596 452 12 12 2
8 1614 470 12 12 2
8 1578 470 12 12 2
8 1596 488 12 12 2
8 1596 68 12 12 2
8 1614 86 12 12 2
8 1578 86 12 12 2
8 1596 104 12 12 2
8 1788 104 12 12 2
8 1944 356 12 12 2
8 1944 308 12 12 2
8 2124 968 12 12 2
8 2202 632 12 12 2
8 2232 614 12 12 2
8 2172 614 12 12 2
8 2232 374 12 12 2
8 2250 356 12 12 2
8 2232 338 12 12 2
8 2214 356 12 12 2
8 2232 86 12 12 2
8 2214 104 12 12 2
8 2196 86 12 12 2
8 1326 248 12 12 2
8 1164 500 12 12 2
8 1368 644 12 12 2
8 1302 692 12 12 2
9 792 840 16 16 2
9 1592 328 16 16 2
10 872 872 16 16 2
10 1336 920 16 16 2
10 1592 864 16 16 2
10 1640 920 16 16 2
10 1688 1128 16 16 2
10 1736 1064 16 16 2
10 2096 744 16 16 2
10 2116 724 16 16 2
10 2116 764 16 16 2
10 2136 744 16 16 2
11 0 832 48 56 2
11 256 328 48 56 2
11 1136 880 48 56 2
11 1144 408 48 56 2
11 1552 1112 48 56 2
12 464 352 24 32 2
12 720 800 24 32 2
12 1896 800 24 32 2
12 1656 800 24 32 2
13 80 632 16 168 2
13 80 424 16 184 2
13 128 376 16 216 2
13 272 848 16 304 2
13 1792 352 16 136 2
13 1040 672 16 168 2
13 2064 880 16 136 2
13 2048 672 16 232 2
13 1920 760 16 184 2
13 80 840 16 160 2
13 304 256 16 120 2
13 464 672 16 208 2
13 1648 592 16 144 2
14 352 352 40 24 2
14 352 448 40 24 2
14 312 400 40 24 2
14 288 496 40 24 2
14 560 880 40 24 2
14 608 1008 40 24 2
14 544 1040 40 24 2
14 608 928 40 24 2
14 656 960 40 24 2
14 664 288 40 24 2
14 1352 600 40 24 2
14 1288 640 40 24 2
14 1296 488 40 24 2
14 1312 192 40 24 2
14 1248 160 40 24 2
14 1288 120 40 24 2
14 1440 816 40 24 2
14 1584 816 40 24 2
14 1632 864 40 24 2
14 1584 912 40 24 2
14 1632 960 40 24 2
14 1648 1040 40 24 2
14 1584 1008 40 24 2
14 1824 832 40 24 2
14 1968 768 40 24 2
14 1952 640 40 24 2
14 1984 592 40 24 2
14 2048 416 40 24 2
14 1984 368 40 24 2
14 2048 320 40 24 2
14 2112 272 40 24 2
14 2112 192 40 24 2
14 2064 240 40 24 2
14 2048 160 40 24 2
14 1984 112 40 24 2
14 1664 208 40 24 2
14 1632 256 40 24 2
14 1224 272 40 24 2
15 576 640 32 64 2
15 688 640 32 64 2
15 688 528 32 64 2
15 576 528 32 64 2
15 976 128 32 64 2
15 1040 128 32 64 2
15 1104 128 32 64 2
16 1712 208 49 35 2
16 1712 240 49 35 2
16 1712 272 49 35 2
16 1712 304 49 35 2
16 1712 336 49 35 2
16 720 112 49 35 2
16 720 80 49 35 2
16 768 112 49 35 2
16 768 80 49 35 2
16 112 496 49 35 2
16 1016 472 49 35 2
16 1056 472 49 35 2
16 1336 576 49 35 2
16 1336 536 49 35 2
16 1512 888 49 35 2
16 1976 840 49 35 2
17 0 240 512 256 2
17 0 496 512 256 2
17 0 752 512 256 2
17 0 1008 512 256 2
17 512 240 512 256 2
17 512 496 512 256 2
17 512 752 512 256 2
17 512 1008 512 256 2
17 1024 240 512 256 2
17 1024 496 512 256 2
17 1024 752 512 256 2
17 1024 1008 512 256 2
17 1536 240 512 256 2
17 1536 496 512 256 2
17 1536 752 512 256 2
17 1536 1008 512 256 2
18 176 368 40 344 2
18 496 192 32 168 2
18 816 768 32 744 2
18 1168 216 32 192 2
19 2192 1072 80 208 2