30 60 250
0 0 10 2268 10 0 0 0
0 100 80 100 10 0 0 0
0 50 150 100 10 0 0 0
0 100 220 100 10 0 0 0
0 50 290 100 10 0 0 0
0 100 360 100 10 0 0 0
0 50 430 100 10 0 0 0
1 352 176 8 16 2 9 4
1 768 176 8 16 2 20 6
1 240 744 8 16 2 6 20
1 96 1008 8 16 2 2 28
1 768 896 8 16 2 20 25
1 1432 192 8 16 2 38 6
1 1776 528 8 16 2 48 14
2 576 304 80 80 0 16 9
2 912 384 80 80 0 24 12
2 1328 464 80 80 0 35 12
2 1136 304 80 80 0 29 9
2 1696 448 80 80 0 45 12
2 1808 608 80 80 0 48 17
2 1184 896 80 80 0 32 25
2 944 544 80 80 1 24 14
2 1616 688 80 80 1 43 20
3 2160 384 64 64 1 56 12
3 1568 224 64 64 0 43 6
4 16 488 56 56 0 0 14
4 168 640 56 56 0 2 17
4 736 280 56 56 0 18 9
4 968 920 56 56 1 24 25
4 1344 96 56 56 1 35 3
4 1352 824 56 56 1 35 22
4 1168 984 56 56 1 29 28
4 1944 952 56 56 1 52 25
4 2080 88 56 56 1 56 3
4 2112 600 56 56 1 56 17
8 36 104 12 12 2 1 2
8 12 116 12 12 2 0 3
8 36 128 12 12 2 1 3
8 60 116 12 12 2 1 3
8 372 104 12 12 2 10 2
8 396 116 12 12 2 10 3
8 372 128 12 12 2 10 3
8 348 116 12 12 2 9 3
8 180 416 12 12 2 5 11
8 156 428 12 12 2 4 11
8 180 440 12 12 2 5 12
8 204 428 12 12 2 5 11
8 72 692 12 12 2 2 18
8 12 692 12 12 2 0 18
8 42 710 12 12 2 1 19
8 48 920 12 12 2 1 24
8 12 920 12 12 2 0 24
8 30 938 12 12 2 0 25
8 30 902 12 12 2 0 24
8 204 962 12 12 2 5 26
8 186 980 12 12 2 5 26
8 168 962 12 12 2 4 26
8 186 944 12 12 2 5 25
8 306 548 12 12 2 8 14
8 354 602 12 12 2 9 16
8 456 614 12 12 2 12 16
8 504 278 12 12 2 13 7
8 426 1028 12 12 2 11 27
8 474 1106 12 12 2 12 30
8 522 1106 12 12 2 14 30
8 444 1076 12 12 2 12 29
8 618 1070 12 12 2 16 29
8 618 980 12 12 2 16 26
8 672 1010 12 12 2 18 27
8 576 932 12 12 2 15 25
8 792 968 12 12 2 21 26
8 864 968 12 12 2 23 26
8 828 986 12 12 2 22 26
8 912 998 12 12 2 24 27
8 942 1016 12 12 2 25 27
8 978 980 12 12 2 26 26
8 762 662 12 12 2 20 18
8 798 692 12 12 2 21 18
8 1002 770 12 12 2 27 20
8 1032 758 12 12 2 28 20
8 972 758 12 12 2 26 20
8 732 308 12 12 2 19 8
8 768 326 12 12 2 20 8
8 798 308 12 12 2 21 8
8 876 278 12 12 2 23 7
8 1068 344 12 12 2 29 9
8 1050 404 12 12 2 28 11
8 1068 422 12 12 2 29 11
8 1086 404 12 12 2 29 11
8 840 470 12 12 2 22 12
8 810 482 12 12 2 22 13
8 774 470 12 12 2 21 12
8 1368 842 12 12 2 37 22
8 1398 824 12 12 2 37 22
8 1338 824 12 12 2 36 22
8 1464 1004 12 12 2 39 27
8 1494 986 12 12 2 40 26
8 1434 986 12 12 2 38 26
8 1662 1094 12 12 2 45 29
8 1722 1094 12 12 2 46 29
8 1740 1034 12 12 2 47 28
8 1740 986 12 12 2 47 26
8 1740 884 12 12 2 47 24
8 1740 788 12 12 2 47 21
8 1746 644 12 12 2 47 17
8 1710 644 12 12 2 46 17
8 1728 662 12 12 2 46 18
8 1578 566 12 12 2 42 15
8 1596 452 12 12 2 43 12
8 1614 470 12 12 2 43 12
8 1578 470 12 12 2 42 12
8 1596 488 12 12 2 43 13
8 1596 68 12 12 2 43 1
8 1614 86 12 12 2 43 2
8 1578 86 12 12 2 42 2
8 1596 104 12 12 2 43 2
8 1788 104 12 12 2 48 2
8 1944 356 12 12 2 52 9
8 1944 308 12 12 2 52 8
8 2124 968 12 12 2 57 26
8 2202 632 12 12 2 59 17
8 2232 614 12 12 2 59 16
8 2172 614 12 12 2 58 16
8 2229 372 12 12 2 59 10
8 2247 356 12 12 2 59 9
8 2229 340 12 12 2 59 9
8 2211 356 12 12 2 59 9
8 2232 86 12 12 2 59 2
8 2214 104 12 12 2 59 2
8 2196 86 12 12 2 59 2
8 1326 248 12 12 2 36 6
8 1164 500 12 12 2 31 13
8 1368 644 12 12 2 37 17
8 1302 692 12 12 2 35 18
9 792 840 16 16 2 21 22
9 1592 328 16 16 2 43 28
10 872 872 16 16 2 23 23
10 1336 920 16 16 2 36 24
10 1592 864 16 16 2 43 23
10 1640 920 16 16 2 44 24
10 1688 1128 16 16 2 45 30
10 1736 1064 16 16 2 47 28
10 2096 744 16 16 2 56 20
10 2116 724 16 16 2 57 19
10 2116 764 16 16 2 57 20
10 2136 744 16 16 2 57 20
11 0 832 48 56 2 0 22
11 256 328 48 56 2 7 8
11 1136 880 48 56 2 31 23
11 1144 408 48 56 2 31 10
11 1552 1112 48 56 2 42 29
12 464 352 24 32 2 12 9
12 720 800 24 32 2 19 21
12 1896 800 24 32 2 51 21
12 1656 800 24 32 2 45 21
13 80 632 16 168 2 0 0
13 80 424 16 184 2 0 0
13 128 376 16 216 2 0 0
13 272 848 16 304 2 0 0
13 1792 352 16 136 2 0 0
13 1040 672 16 168 2 0 0
13 2064 880 16 136 2 0 0
13 2048 672 16 232 2 0 0
13 1920 760 16 184 2 0 0
13 80 840 16 160 2 0 0
13 304 256 16 120 2 0 0
13 464 672 16 208 2 0 0
13 1648 592 16 144 2 0 0
14 352 352 40 24 2 10 9
14 352 448 40 24 2 10 12
14 312 400 40 24 2 8 10
14 288 496 40 24 2 8 13
14 560 880 40 24 2 15 23
14 608 1008 40 24 2 16 27
14 544 1040 40 24 2 15 28
14 608 928 40 24 2 16 25
14 656 960 40 24 2 18 25
14 664 288 40 24 2 18 7
14 1352 600 40 24 2 37 16
14 1288 640 40 24 2 35 17
14 1296 488 40 24 2 35 13
14 1312 192 40 24 2 36 5
14 1248 160 40 24 2 34 4
14 1288 120 40 24 2 35 3
14 1440 816 40 24 2 39 22
14 1584 816 40 24 2 43 22
14 1632 864 40 24 2 44 23
14 1584 912 40 24 2 43 24
14 1632 960 40 24 2 44 25
14 1648 1040 40 24 2 45 28
14 1584 1008 40 24 2 43 27
14 1824 832 40 24 2 49 22
14 1968 768 40 24 2 53 20
14 1952 640 40 24 2 53 17
14 1984 592 40 24 2 54 15
14 2048 416 40 24 2 55 11
14 1984 368 40 24 2 54 9
14 2048 320 40 24 2 55 8
14 2112 272 40 24 2 57 7
14 2112 192 40 24 2 57 5
14 2064 240 40 24 2 56 6
14 2048 160 40 24 2 55 4
14 1984 112 40 24 2 54 2
14 1664 208 40 24 2 45 5
14 1632 256 40 24 2 44 6
14 1224 272 40 24 2 33 7
15 576 640 32 64 2 16 16
15 688 640 32 64 2 19 16
15 688 528 32 64 2 19 13
15 576 528 32 64 2 16 13
15 976 128 32 64 2 26 2
15 1040 128 32 64 2 28 2
15 1104 128 32 64 2 30 2
16 1712 208 50 36 2 46 5
16 1712 240 50 36 2 46 6
16 1712 272 50 36 2 46 7
16 1712 304 50 36 2 46 8
16 1712 336 50 36 2 46 8
16 720 112 50 36 2 20 2
16 720 80 50 36 2 20 1 
16 768 112 50 36 2 21 2
16 768 80 50 36 2 21 1
16 112 496 50 36 2 3 13
16 1016 472 50 36 2 28 12
16 1056 472 50 36 2 29 12
16 1336 576 50 36 2 36 15
16 1336 536 50 36 2 36 14
16 1512 888 50 36 2 41 23
16 1976 840 50 36 2 54 22
17 0 240 512 256 2 0 0
17 0 496 512 256 2 0 0
17 0 752 512 256 2 0 0
17 0 1008 512 256 2 0 0
17 512 240 512 256 2 0 0
17 512 496 512 256 2 0 0
17 512 752 512 256 2 0 0
17 512 1008 512 256 2 0 0
17 1024 240 512 256 2 0 0
17 1024 496 512 256 2 0 0
17 1024 752 512 256 2 0 0
17 1024 1008 512 256 2 0 0
17 1536 240 512 256 2 0 0
17 1536 496 512 256 2 0 0
17 1536 752 512 256 2 0 0
17 1536 1008 512 256 2 0 0
18 176 368 40 344 2 0 0
18 496 192 32 168 2 0 0
18 816 768 32 744 2 0 0
18 1168 216 32 192 2 0 0
19 2192 1072 80 208 2 59 26