141 71
0 0 0 0 0 0 1 2 3 4 5 6 7 8 9 10 11 3 12 13 14 15 14 16 9 10 11 3 17 18 19 20 21 8 22 3 23 0 0 0 0 0 0 0 0 0 0 0 0 0 0 0 0 0 0 0 0 0 0 0 0 0 0 0 0 0 0 0 0 0 0 24 25 26 27 28 29 30 31 32 33 34 35 36 37 38 37 38 39 40 41 42 43 44 45 46 47 48 49 50 51 52 53 54 55 56 57 58 59 60 0 47 0 0 0 0 0 0 0 0 0 0 0 0 0 0 0 0 0 0 0 0 0 0 0 0 0 61 62 63 64
0 0 0 0 0 65 66 67 68 69 70 71 72 73 74 75 26 76 16 77 78 79 73 80 74 75 26 76 81 82 83 20 21 73 84 76 85 23 0 0 0 0 0 0 0 0 0 0 0 0 0 0 0 0 0 0 0 0 0 0 0 0 0 0 0 0 0 0 0 86 87 88 89 73 90 91 92 93 94 95 96 97 57 98 99 100 101 102 103 99 100 101 57 58 97 104 47 105 51 106 52 51 107 108 109 110 111 55 43 112 113 47 0 0 0 0 0 0 0 0 0 0 0 0 0 0 0 0 0 0 0 0 0 0 0 0 0 0 0 114 115
0 0 0 0 2 116 117 118 119 120 121 6 7 3 4 5 73 73 80 122 123 124 84 82 80 122 73 73 125 126 127 71 72 119 120 128 129 130 22 3 23 0 0 0 0 0 0 0 131 0 0 0 0 0 0 0 0 0 0 0 0 0 0 0 0 0 0 0 24 25 74 75 26 132 27 133 134 135 136 137 138 139 136 140 141 142 143 143 144 141 142 143 56 145 146 147 47 52 49 50 51 148 149 150 151 152 110 111 153 154 26 47 113 0 0 0 0 0 0 0 0 0 0 0 0 0 0 0 0 0 0 0 0 0 0 0 0 0 155 156 157
0 0 0 1 158 159 160 161 162 75 26 71 72 68 69 163 119 120 128 164 165 166 167 120 128 164 119 120 168 169 167 170 171 172 173 174 175 176 129 130 85 23 0 0 0 0 0 0 131 2 0 0 0 0 0 0 0 0 0 0 0 0 0 0 0 0 0 87 88 89 177 178 73 100 135 136 140 100 179 180 181 182 183 46 138 139 184 185 186 187 188 111 153 189 190 191 47 192 193 194 195 196 197 110 198 199 200 201 143 56 145 47 59 0 0 0 0 0 0 0 0 0 0 0 0 0 0 0 0 0 0 0 0 0 0 0 0 17 17 18 202
0 0 158 203 204 205 206 207 208 178 73 6 7 119 120 121 172 173 174 163 172 163 172 173 174 163 174 127 172 163 172 209 210 67 68 69 174 211 175 176 212 129 213 214 0 0 0 215 216 217 218 219 0 0 0 0 0 0 0 0 0 0 0 0 0 113 220 221 113 0 221 222 223 224 90 179 132 27 28 29 30 31 32 33 225 226 227 226 228 229 230 231 232 233 234 235 47 236 211 237 238 239 240 52 51 226 151 152 111 153 189 47 43 44 45 114 0 0 0 0 0 0 0 0 0 0 0 0 0 0 0 0 0 114 115 39 40 0 0 0 0
2 116 117 241 242 243 244 74 178 245 246 71 72 162 75 26 67 68 69 69 247 248 249 250 251 168 169 167 252 253 254 6 7 118 119 120 110 163 255 256 257 129 258 23 0 0 2 259 47 260 261 262 0 0 0 263 221 0 264 265 0 0 0 0 0 266 24 221 0 0 264 267 268 269 270 271 224 90 91 92 93 94 95 96 230 272 230 272 273 274 275 55 189 276 277 278 47 279 48 83 280 281 282 283 284 107 198 199 285 149 150 47 286 154 26 287 59 114 0 0 0 0 0 0 0 0 0 0 0 0 0 0 61 62 63 64 288 0 0 0 0
244 289 244 290 291 292 293 177 292 293 294 295 296 17 161 162 118 119 120 249 297 298 299 300 163 248 249 172 301 184 302 71 72 172 173 174 52 173 174 173 174 8 22 3 3 23 0 264 131 303 304 305 217 0 0 113 60 113 259 306 0 0 0 0 0 307 113 0 0 0 24 308 159 309 310 311 312 313 133 134 135 136 137 138 139 136 140 105 154 26 314 315 316 148 149 150 47 317 105 154 26 314 315 316 148 149 150 107 318 319 320 47 321 153 189 190 322 287 114 0 0 0 323 324 114 0 0 0 0 0 0 0 0 0 114 115 325 0 0 0 0
66 161 66 177 326 327 245 243 327 245 328 329 330 331 331 243 161 162 75 332 333 334 335 336 248 249 332 73 337 252 338 20 21 67 68 69 5 255 339 340 52 341 129 76 85 342 343 259 216 344 345 346 215 2 0 0 0 0 0 0 0 0 0 0 113 113 62 0 0 0 203 204 205 347 311 312 348 308 309 140 349 350 351 352 353 184 168 354 202 355 226 227 226 356 357 358 47 84 354 202 355 120 359 360 356 357 361 362 363 364 365 47 366 232 105 154 26 367 328 368 114 287 114 0 323 369 114 0 0 0 0 0 114 370 371 372 125 373 0 0 0
374 116 267 159 375 376 377 378 74 268 269 6 7 289 289 161 161 17 18 19 379 380 381 382 73 332 301 184 302 383 384 295 296 118 119 120 70 385 356 386 302 211 175 341 212 22 3 3 47 387 304 305 217 218 0 0 0 0 0 0 0 0 0 0 263 221 0 0 0 388 389 390 391 392 0 113 221 204 393 135 394 358 385 395 394 358 385 396 226 227 272 230 272 253 254 397 47 398 396 399 198 50 240 52 253 400 401 47 5 129 402 47 403 189 354 202 355 404 405 406 367 44 45 114 17 287 407 0 0 0 114 17 17 178 81 82 168 408 0 0 0
354 66 409 410 411 412 413 414 308 159 160 415 416 161 327 245 328 81 82 83 417 418 419 420 421 422 423 424 425 426 427 428 429 430 431 432 119 184 302 433 68 69 5 256 73 84 76 85 131 158 434 435 436 262 437 0 0 0 0 0 0 0 113 438 439 0 0 264 438 331 440 441 442 221 0 0 388 389 268 443 444 445 446 447 448 449 450 167 272 230 272 451 252 452 453 454 47 455 456 457 458 459 460 461 237 238 68 47 70 385 356 47 462 463 253 400 464 465 466 467 468 322 114 369 287 368 369 407 114 0 469 178 178 26 190 126 470 471 472 0 0
473 2 1 474 475 476 477 478 204 205 206 20 21 479 74 268 269 119 126 74 480 481 482 483 484 485 486 487 488 489 490 6 7 491 66 161 66 118 119 120 119 120 70 173 211 175 492 493 216 304 305 494 304 305 217 0 0 0 0 0 0 0 263 221 0 0 438 389 495 496 497 498 438 0 0 0 86 499 159 500 501 502 420 421 422 423 503 425 504 427 119 120 202 505 506 396 47 507 508 509 510 226 511 322 83 280 119 47 121 252 253 47 512 513 237 238 68 514 515 48 83 280 406 367 44 45 17 406 17 26 467 83 516 105 154 169 385 517 518 0 0
519 158 0 0 0 0 65 520 521 522 523 524 525 374 479 161 526 527 528 529 530 531 532 533 534 535 536 537 538 539 540 20 541 542 374 116 267 430 431 238 119 120 543 544 282 545 256 257 47 546 547 548 345 346 215 214 0 0 0 0 263 221 0 264 0 0 389 390 549 550 551 552 113 0 0 553 438 308 205 554 555 556 483 484 485 486 487 557 489 490 558 559 130 543 544 560 47 561 562 563 564 404 405 406 367 161 162 47 26 301 184 47 395 565 566 567 568 569 464 105 154 26 467 468 154 468 322 570 468 355 400 154 168 163 172 163 172 471 518 472 0
571 304 0 0 0 0 0 572 573 574 575 576 72 577 374 479 578 579 580 581 582 51 338 110 198 50 583 584 585 586 587 71 72 212 354 66 409 2 0 2 431 588 314 315 589 590 173 174 591 592 593 571 304 305 217 218 219 2 2 594 113 60 113 259 0 311 312 595 596 597 598 311 113 0 438 389 495 204 353 599 600 532 601 534 535 602 603 604 605 606 607 608 609 610 611 612 613 614 615 616 617 465 466 467 468 618 43 47 619 337 252 47 620 621 622 623 624 625 626 354 202 355 627 628 154 189 190 126 68 69 70 163 172 163 172 69 70 471 518 518 0
629 630 631 0 0 0 0 0 632 633 634 635 636 633 577 637 638 639 640 641 642 643 340 52 51 644 645 168 646 647 648 170 171 649 473 2 1 0 0 0 2 519 118 119 120 341 492 650 651 652 653 654 655 656 657 658 659 660 661 662 663 0 664 665 113 666 348 667 668 669 670 671 670 672 673 674 675 676 677 678 679 338 680 198 50 681 682 683 684 685 686 687 688 689 690 691 692 693 230 694 127 514 515 627 628 695 618 47 245 696 695 47 697 698 699 700 701 702 703 704 569 464 493 705 400 105 154 169 169 167 706 676 707 708 709 710 708 0 0 0 0
711 469 712 713 0 0 0 0 714 715 716 717 718 716 719 720 721 722 723 724 725 726 727 728 684 685 686 729 692 730 731 20 21 588 519 158 0 1 158 519 473 543 544 732 733 734 735 736 84 76 737 738 268 739 740 593 741 742 743 178 744 214 745 746 747 748 749 750 751 634 752 753 754 755 756 757 758 759 52 760 643 340 52 51 761 645 762 763 764 765 766 767 768 769 770 771 772 773 774 775 776 569 464 493 705 777 43 47 778 779 695 47 780 781 782 783 784 785 786 787 788 789 790 791 792 568 163 172 163 172 793 794 17 795 406 17 570 516 0 0 0
76 796 797 798 799 0 0 0 800 801 802 803 804 805 806 807 808 809 722 810 52 811 812 813 814 815 558 812 807 558 812 71 72 238 633 577 1 0 1 158 633 238 590 500 501 502 420 341 175 176 816 817 818 819 84 76 85 820 821 822 823 594 824 825 826 749 750 827 828 829 830 831 831 832 833 50 52 281 834 725 726 835 810 52 396 399 836 837 838 192 193 194 195 196 197 110 198 230 272 839 840 841 732 733 734 842 843 47 844 695 618 47 845 846 847 119 848 849 850 851 852 691 853 854 855 856 857 856 857 858 857 856 692 859 570 178 516 163 172 0 0
860 861 862 863 864 0 0 0 0 0 865 866 867 868 869 870 871 872 49 638 51 873 874 875 558 876 810 52 877 485 878 170 171 280 879 880 879 880 879 880 26 314 315 554 555 556 483 881 882 883 884 885 886 887 175 176 493 888 889 890 891 892 893 894 749 750 178 0 0 827 830 895 896 832 833 106 52 51 106 52 897 682 898 899 691 856 856 692 859 236 211 237 238 239 240 52 51 226 900 901 902 903 904 841 230 272 466 47 468 618 43 47 905 906 907 908 909 910 911 912 909 910 911 913 914 915 916 516 917 918 917 795 406 919 23